

DOMRect {x: 796.15625, y: 461.5, width: 248.6875, height: 80, top: 461.5, …}
bottom: 541.5
height: 80
left: 796.15625
right: 1044.84375
top: 461.5
width: 248.6875
x:796.15625
y: 461.5

the x start from left to right 
the y start from top to bottom